Price,Living Area,Bathrooms,Bedrooms,Lot Size,Age,Fireplace
189776,1964,2.5,4,0.48,6,1
189995,2150,2.0,4,1.2,104,0
332888,3111,2.5,4,0.5,3,1
104984,1144,1.5,3,0.52,44,1
122257,1400,1.5,3,1.0,17,0
153129,1560,2.0,3,1.0,4,1
261846,2772,2.5,4,0.29,0,1
114513,1560,1.5,3,1.59,5,0
163781,1124,1.0,3,0.45,26,0
328491,2733,2.5,4,0.47,3,1
308218,3597,2.5,4,0.51,0,1
139418,1296,2.0,4,0.38,51,1
79982,1572,1.5,4,0.39,41,0
126082,1592,1.5,3,0.16,18,1
279522,2000,2.5,3,0.39,4,1
117907,1295,1.5,3,0.13,125,0
125029,1836,2.0,3,0.35,27,0
49211,800,1.0,2,0.46,55,0
178760,2014,1.5,3,0.31,32,1
191746,1666,1.0,3,0.18,140,0
163652,1908,2.5,3,0.27,25,1
189665,2203,2.5,3,0.57,1,1
158863,1696,2.5,3,0.71,5,1
117703,1492,2.5,3,0.17,17,1
93200,924,1.0,2,0.31,19,1
257499,1675,2.5,2,0.04,18,1
197105,1894,2.0,3,0.34,0,1
238951,2641,3.0,4,0.39,1,1
150505,1785,2.5,3,0.17,1,0
366772,3200,2.5,4,1.27,1,1
110889,1266,1.0,3,0.03,134,1
213249,1643,2.5,3,0.41,3,1
148496,1470,1.5,3,0.35,12,0
292524,2900,2.5,4,0.46,1,1
88092,1572,1.5,4,0.06,50,1
98423,1355,1.0,3,0.47,60,0
97783,1061,1.0,3,0.92,48,1
150502,1668,2.0,3,0.26,18,1
121798,1308,1.0,3,0.46,29,0
102003,1184,1.5,2,0.16,20,0
169876,1774,2.5,3,0.36,1,1
209371,2076,2.5,3,0.62,13,1
265515,1870,2.5,3,0.11,4,1
161496,1910,2.5,4,0.36,20,0
101230,1040,1.0,3,0.47,12,0
172795,1512,1.5,3,0.18,15,1
203240,2464,2.5,4,0.58,42,1
124585,1468,1.0,4,0.34,51,0
167145,1852,2.5,4,0.44,16,0
175084,2214,2.5,3,0.46,22,1
167975,2311,2.5,4,0.3,20,1
68353,1216,1.0,2,0.61,101,0
91672,1392,1.5,3,0.26,21,0
135011,2488,2.0,3,0.41,24,1
115312,912,1.0,2,0.46,14,0
163524,2516,2.0,3,2.96,40,1
108421,1288,1.0,3,0.34,32,0
119937,2028,2.0,3,0.5,27,1
139079,1248,2.0,3,0.75,37,0
98333,912,1.5,2,0.16,18,0
63101,1628,1.0,2,0.06,124,0
259999,2577,2.5,4,0.77,1,1
167776,3106,2.5,4,5.51,8,0
157370,1656,1.5,3,0.33,19,1
157946,1804,2.5,3,0.43,0,1
120476,1248,2.0,3,1.0,14,0
211517,2328,2.5,4,0.85,10,1
187026,1831,2.0,3,0.47,19,1
55817,1688,2.0,5,0.17,119,0
31113,1540,1.0,2,0.04,115,0
250723,2490,2.5,4,0.3,4,1
94405,1375,1.5,2,0.09,22,0
158338,1836,2.5,3,1.0,15,1
126010,1760,1.0,4,0.52,37,1
212932,2494,2.5,3,0.53,13,1
267731,3001,2.5,5,0.66,0,1
160349,1732,1.5,3,0.31,17,1
209122,3476,2.5,4,0.34,20,1
130574,1600,1.0,3,0.27,57,0
312448,2919,2.5,4,0.05,5,1
79116,908,1.0,2,0.15,19,0
355529,2186,2.5,3,1.4,12,0
103256,1492,1.5,3,0.15,16,0
205397,2425,2.5,4,0.42,0,1
229180,2310,2.5,4,1.4,3,1
160426,2262,2.0,4,0.46,21,0
205950,1474,2.0,3,0.14,29,1
136203,1479,1.5,2,0.06,20,1
103958,1486,1.5,3,0.1,16,0
247639,1016,2.0,2,0.01,41,0
107892,1375,1.5,2,0.2,20,1
178216,1512,2.0,3,0.77,12,1
76342,896,1.0,2,0.0,48,0
218734,2219,2.5,4,0.3,15,1
180817,1815,2.5,3,0.46,11,1
166222,1498,1.5,3,0.77,10,0
236055,2405,2.5,4,1.63,16,1
80130,1225,1.0,3,0.24,48,1
54210,792,1.0,2,0.4,55,0
150434,1666,1.5,4,0.56,38,0
209371,2084,2.5,3,0.43,5,1
108794,1464,1.0,2,0.11,87,0
190983,2088,2.5,4,0.49,22,1
243276,3271,2.5,4,0.97,1,1
182649,1758,2.5,3,0.27,1,1
98389,1184,1.5,2,0.15,18,0
180032,2066,2.5,4,0.41,32,1
231749,1980,2.0,3,0.22,6,0
240872,2348,2.5,4,0.51,7,1
101708,1492,2.5,3,0.17,16,0
260228,2092,2.5,4,3.64,0,1
120115,967,2.0,4,1.2,55,0
40932,1320,1.0,3,0.17,90,0
172315,2008,2.5,4,0.32,0,1
238792,2250,2.5,4,2.48,10,1
74422,1708,1.0,2,0.87,39,1
254327,2541,2.5,4,0.5,5,1
134933,1496,1.0,3,0.25,37,1
212103,1400,2.0,3,0.98,25,1
109578,1342,1.0,2,0.57,41,1
128273,1343,2.5,2,0.12,15,1
154499,1886,1.5,3,0.28,31,1
139079,1400,1.5,3,1.0,35,1
109259,1239,1.0,3,0.37,33,1
147634,864,1.5,3,0.16,39,0
155713,3535,3.0,4,4.2,39,1
143294,1360,1.0,4,0.92,53,0
311709,3028,2.5,5,0.66,0,1
140765,1596,1.5,3,0.28,49,0
378465,3457,2.5,3,1.0,20,1
87852,1270,1.0,3,0.04,110,0
111353,1248,1.5,3,1.28,0,0
137606,1508,1.5,3,0.34,19,0
179524,2600,2.5,4,0.44,18,1
106524,1308,1.0,2,1.35,17,0
139627,1980,1.0,4,7.16,205,0
130757,1394,1.0,4,0.46,33,0
329328,3542,3.5,4,0.56,1,1
139800,1900,1.5,3,0.37,12,1
106524,1144,1.0,2,0.18,16,1
242952,1708,2.0,2,0.17,14,1
224888,1200,1.0,2,0.16,65,0
163992,2310,2.5,4,0.45,33,1
137681,1728,1.5,4,1.84,12,0
126311,1370,1.0,3,0.45,27,1
106950,1472,1.0,3,0.93,28,1
130229,1248,2.0,3,0.35,11,0
102806,1168,2.0,3,0.14,21,0
131411,1512,1.5,3,0.05,13,1
103677,1375,1.5,2,0.08,21,1
79893,2634,2.5,4,0.24,83,0
102086,1302,1.5,2,0.06,16,0
148967,1864,1.5,3,4.0,154,1
212846,2270,2.5,3,0.46,0,1
196846,2144,2.5,3,0.92,19,1
90446,1256,1.5,3,0.21,19,0
103258,1344,1.5,3,0.64,16,0
153850,2400,2.0,3,2.26,26,0
208048,1876,2.5,3,0.24,1,1
95708,912,1.5,2,0.16,20,0
237367,2936,2.5,4,0.33,6,1
270841,2306,2.5,3,0.79,1,1
163728,1811,2.5,3,0.46,19,1
154798,2470,2.5,4,0.34,26,1
151950,1890,2.0,4,0.69,30,1
175321,2648,2.5,6,0.57,41,1
101375,960,1.0,3,0.46,19,0
244382,2572,2.5,4,1.03,6,1
80248,1600,1.5,3,0.36,16,0
225742,2216,2.5,3,0.5,8,1
190856,2086,2.5,4,0.46,14,1
337918,3026,4.0,4,1.34,1,1
218184,2655,2.5,4,0.37,1,1
261872,2380,2.5,3,0.95,9,1
129155,1260,1.5,2,0.06,27,1
129868,1792,2.5,2,0.08,24,1
159786,1561,1.5,3,0.32,16,1
159175,1512,2.0,3,0.25,12,0
163191,1886,2.5,3,0.43,16,1
124013,1524,1.5,3,0.71,180,0
373227,2058,1.5,2,0.23,49,1
78191,1080,2.0,3,1.0,15,0
101227,1754,1.0,4,0.1,110,0
196317,2359,2.5,4,0.61,1,1
94064,912,1.0,3,0.35,37,0
181399,1842,1.5,3,0.53,8,0
240590,3001,2.5,4,0.31,1,1
137540,1551,1.0,4,1.95,97,0
168065,1016,2.0,2,0.01,41,0
193497,1948,2.5,3,1.13,13,1
234954,2294,3.5,4,0.52,0,1
99045,937,1.0,2,0.13,19,0
148246,1391,2.0,3,0.04,12,0
85560,2068,1.0,4,1.0,104,1
98632,1406,1.5,2,0.16,19,0
210081,1596,1.0,3,3.14,29,1
142057,952,1.0,3,0.13,102,0
238832,2872,3.0,5,0.21,0,1
116321,1486,1.5,3,0.1,16,0
207018,2147,2.5,4,0.61,9,1
205070,2460,2.5,4,0.5,1,1
177124,1064,1.0,2,0.1,77,1
90678,957,1.0,3,0.18,49,0
148989,792,1.0,3,0.13,36,0
236215,1392,2.5,3,0.13,4,0
100967,988,1.0,2,0.15,20,0
218475,2748,2.5,4,0.17,0,1
193524,1730,2.5,3,0.66,1,1
157055,1836,1.5,4,0.36,106,1
85939,1527,2.0,2,0.31,17,1
110182,1480,1.5,3,0.29,20,1
138297,1800,1.0,2,0.48,49,1
107695,1802,2.0,4,0.97,56,1
134378,1279,1.0,3,0.28,31,0
123834,1092,1.0,5,0.33,72,0
175784,1837,1.5,3,0.52,18,0
248204,1908,2.0,3,0.26,0,1
345364,3308,2.5,4,0.66,7,1
111875,1758,2.0,3,0.3,25,0
228375,2512,2.5,4,0.04,0,1
52360,1310,1.5,4,0.24,120,0
155787,1540,1.5,3,0.43,16,0
163310,1720,1.5,3,0.36,19,0
216018,1216,1.5,3,0.14,75,0
127303,1210,1.0,2,0.7,17,1
132088,1368,1.0,3,0.24,33,0
208743,1804,2.5,3,0.23,4,1
235620,2107,1.0,2,0.09,1,1
194877,2066,2.5,4,0.65,35,1
118585,936,1.0,3,0.24,35,0
297024,3020,2.5,4,0.77,2,1
104556,1673,2.0,2,0.15,18,0
153013,1720,2.0,4,0.72,31,1
263226,3355,2.5,4,0.83,1,1
329484,2786,2.5,4,0.39,0,1
111809,1711,1.0,3,0.45,112,0
115566,1184,2.0,3,0.15,17,0
277235,2950,2.5,4,0.41,1,1
201928,2322,2.5,4,0.42,22,1
198622,1616,2.0,2,1.0,36,1
137220,1290,1.5,3,0.14,16,1
263938,2641,2.5,4,0.34,3,1
180288,2294,2.5,5,0.4,36,1
241885,2604,3.0,4,0.24,0,1
208610,1752,2.5,3,0.74,10,1
237062,2604,2.5,4,0.33,0,1
93174,784,1.0,1,0.16,44,0
446436,3467,2.5,4,0.34,3,1
127385,1416,1.5,3,0.37,11,0
165957,1212,1.0,2,2.0,87,1
133215,1364,1.5,2,0.14,19,1
183657,1250,1.5,4,0.22,43,0
239301,2619,2.5,4,0.4,0,1
232219,2541,2.5,4,0.49,5,1
271791,2815,2.5,4,0.48,1,1
114514,1514,2.0,3,0.16,17,0
198083,1971,2.5,4,0.49,7,1
138424,1673,1.0,3,0.29,27,1
298923,3515,2.5,4,0.51,0,1
139104,1760,3.0,4,0.16,135,0
251699,3081,2.5,4,0.3,1,1
111239,912,1.5,2,0.16,20,0
207347,2119,2.5,4,0.9,14,1
93895,1480,1.5,3,0.22,17,1
300931,847,1.0,2,0.55,78,0
230708,2548,2.5,3,0.36,3,1
196875,2086,2.5,4,0.47,17,1
208253,2602,2.5,4,0.37,1,1
177539,1528,2.5,3,0.46,8,0
137508,1164,1.0,3,2.0,54,1
184108,2702,1.5,5,0.35,31,1
151917,1510,2.5,3,0.39,0,1
166335,1664,2.0,3,0.51,37,1
272902,3020,2.5,4,0.41,1,1
205950,2284,2.5,4,0.56,18,1
181516,1924,2.0,3,1.04,16,0
227994,1973,2.5,3,0.27,3,1
185318,1500,1.5,4,0.58,208,1
285769,3125,2.5,4,0.53,3,1
130650,2110,2.0,3,0.92,52,1
154314,1466,1.0,3,0.23,62,1
102405,1680,2.0,3,0.12,15,0
134865,1500,1.5,3,0.49,31,1
162913,2011,2.5,4,0.99,12,1
146329,2026,2.5,4,1.0,1,1
16858,1629,1.0,3,0.76,180,0
107766,1272,1.0,3,0.38,43,1
146611,1580,1.5,5,1.0,26,0
135526,1420,1.5,3,0.35,13,0
101230,1281,1.0,2,0.19,8,0
107049,1592,2.0,3,0.16,16,0
181225,1944,2.5,4,0.26,25,1
114070,1098,1.0,2,0.1,113,0
340545,2926,3.0,4,0.84,11,1
57678,924,1.0,1,0.17,104,0
170345,1952,2.0,4,0.15,33,1
139435,1666,2.5,3,0.19,0,0
309808,2270,2.5,3,4.05,9,1
149078,1664,1.5,3,0.46,14,0
243305,2242,2.5,3,0.08,0,0
205073,2501,2.5,4,0.07,0,0
89955,1216,1.0,3,0.21,129,0
198622,1971,2.5,4,0.35,11,0
81762,1008,1.0,3,0.33,41,0
133155,1480,2.5,3,0.03,16,1
143697,1376,1.5,3,0.53,14,1
204661,1927,2.0,3,0.33,3,1
123064,1209,1.0,2,0.19,73,0
162612,1348,2.0,2,0.36,11,1
162631,1804,2.5,3,0.37,2,1
153129,1872,1.5,4,0.56,32,1
253545,1498,1.0,2,0.4,51,1
150581,1664,2.0,3,0.49,33,1
103861,1700,1.0,3,0.46,25,1
308253,2880,2.5,4,0.66,9,1
135823,1946,1.5,4,0.38,18,0
233155,3236,2.5,4,2.5,0,1
122044,1637,1.5,3,0.76,54,0
98790,1480,1.5,3,0.08,16,1
120192,1404,2.0,3,6.13,7,0
145583,1376,2.0,3,0.46,25,1
131165,1564,2.0,3,0.24,13,0
104749,1852,1.0,4,0.1,147,0
193565,2350,2.5,3,0.3,15,1
140701,1554,2.0,2,0.53,20,1
329221,2934,2.5,3,0.66,9,1
156530,1734,2.5,4,0.39,29,1
156679,1911,1.5,4,0.43,35,1
220261,2712,2.5,4,0.5,1,0
229055,2500,2.5,4,0.5,0,1
161473,1560,1.0,2,2.0,43,1
114519,1428,2.0,3,0.16,85,0
65325,813,1.0,2,0.39,68,0
84291,924,1.0,3,0.91,15,0
121680,1412,1.5,3,0.35,103,0
50483,743,1.0,3,0.05,105,0
104328,898,1.0,2,0.61,57,1
161562,2044,2.5,3,0.37,16,1
127394,2040,2.5,5,0.07,127,0
103408,1034,1.5,2,0.21,14,1
228806,2577,2.5,4,0.29,0,1
82556,1480,1.5,3,0.1,14,1
175874,2195,2.0,3,0.45,1,1
200793,1940,2.0,3,0.85,9,0
93895,960,1.0,3,0.26,48,0
104984,1096,1.0,3,0.3,67,0
271578,3123,2.5,4,0.49,14,1
237716,2996,2.5,4,0.35,1,1
88092,3944,1.0,4,1.64,185,1
125562,1253,1.5,2,0.21,16,1
100938,1034,1.5,3,0.16,15,0
132311,1512,1.5,3,0.25,13,1
152786,1508,2.0,3,0.36,20,1
118468,1298,1.0,3,0.17,44,1
91672,929,1.5,2,0.17,21,0
55851,990,1.5,2,0.08,75,0
169407,2310,2.5,4,0.47,33,1
173794,1970,2.5,4,0.59,18,1
102530,1202,1.5,2,0.15,18,0
135820,1475,2.0,3,0.46,20,1
217797,1386,1.5,2,0.23,92,0
133612,1768,1.5,4,0.37,48,1
172016,1547,2.0,3,0.72,11,0
197350,2500,3.5,4,0.21,1,1
90354,912,1.5,2,0.16,16,0
90446,1200,2.0,3,0.56,10,0
91386,1120,1.0,3,0.11,14,0
174940,1126,2.0,3,0.22,46,1
113514,1142,2.0,2,0.76,40,1
92932,988,2.0,2,0.15,19,0
244124,2346,2.5,4,0.35,0,1
182068,2035,2.5,4,0.43,35,1
126311,1471,2.5,3,0.08,4,0
119875,1512,1.5,4,1.0,61,1
109577,1456,1.5,3,0.15,155,0
202157,2564,2.5,4,0.59,30,1
109042,880,1.0,3,0.34,56,0
207751,2628,2.5,3,1.0,20,1
196603,2064,2.5,4,0.84,3,1
92436,1300,1.0,3,1.08,10,0
99463,912,1.0,3,0.26,31,0
177452,2402,2.5,4,0.47,28,1
134171,2133,1.5,4,0.28,34,1
87588,1392,1.0,2,0.24,17,0
147425,1582,1.5,3,0.35,11,0
217868,3344,3.5,4,0.36,1,1
184515,1472,1.5,4,0.7,3,1
47630,1235,1.0,3,0.32,84,1
244443,2810,2.5,4,0.74,14,1
94584,924,1.0,2,0.17,19,1
133067,1326,2.0,4,0.46,7,0
129609,1635,1.5,4,0.28,52,0
163102,1552,1.5,3,0.46,9,1
178767,2291,2.5,4,0.1,0,1
125361,1326,1.5,2,0.06,19,1
104651,912,1.5,2,0.17,19,1
197581,1702,1.5,3,0.61,16,1
106524,1148,1.0,3,0.35,7,0
114827,1332,1.0,3,0.02,45,1
84333,2043,1.5,4,0.32,94,1
368396,3358,3.5,4,0.58,9,1
166888,1740,1.5,3,0.46,26,0
104371,1463,1.5,3,0.42,125,0
122796,1612,1.0,3,0.29,34,1
87852,976,2.0,2,0.31,23,0
124939,1099,1.0,2,0.39,9,0
156820,1720,2.0,3,3.8,27,1
235105,2299,2.5,4,0.8,6,1
62105,1228,1.0,2,0.31,53,0
104412,1480,1.5,2,0.17,15,1
107306,1276,2.0,3,4.67,29,0
154238,1984,2.5,2,0.27,11,0
210743,2120,2.5,3,0.54,10,0
182056,2396,2.5,4,0.27,28,1
136192,1623,1.5,4,0.44,36,1
75606,912,1.5,2,0.15,19,0
119784,1560,1.0,2,0.36,25,0
147517,1680,1.0,4,0.45,27,0
347761,3820,4.5,4,1.4,18,1
95708,912,1.5,2,0.16,20,0
103633,1314,1.5,2,0.21,21,0
125920,1605,2.5,3,0.15,0,1
60309,2039,1.0,3,0.24,55,0
113371,1177,1.5,3,0.17,36,0
163986,2039,2.5,4,0.52,18,1
220776,2421,2.5,4,0.48,13,1
150434,1611,2.0,4,0.17,83,1
182334,2262,2.5,4,0.53,24,1
125361,1173,1.0,3,0.45,16,1
214749,2286,2.5,4,0.49,11,1
178140,2200,2.5,4,0.61,1,1
199733,840,1.0,2,0.35,50,0
103262,1176,1.5,2,0.22,31,0
126010,864,1.5,3,0.16,37,0
150798,1212,1.5,3,1.0,6,0
253433,3021,2.5,4,0.72,21,1
75094,728,1.0,2,0.06,22,0
167253,1872,2.0,3,1.55,16,1
165213,1664,3.0,3,0.99,10,0
99082,924,1.0,2,0.15,20,1
64552,1298,1.0,3,0.24,106,0
209226,2550,2.5,3,0.46,0,1
142907,1920,2.0,3,0.59,31,1
157081,2310,2.5,4,0.55,33,1
206512,2116,2.5,3,2.17,0,1
189654,1334,1.5,2,0.13,122,0
163478,2334,2.0,4,0.44,39,0
177998,2564,2.5,4,0.57,34,1
104984,1184,2.0,3,0.16,21,0
228291,1986,2.5,3,0.36,1,1
120476,2238,1.5,3,0.21,114,1
44674,1214,1.0,3,0.14,103,0
254944,2579,2.5,4,0.72,0,1
104556,1673,2.0,2,0.15,18,0
150022,1632,2.5,4,0.5,30,1
169647,1430,2.5,3,0.16,5,0
250976,2394,2.5,4,0.6,0,1
205498,3069,3.5,4,1.05,13,1
432845,3250,2.5,3,0.53,23,1
144561,1292,2.0,3,0.22,4,1
171171,1784,1.5,3,0.51,104,0
83617,1272,1.5,4,0.19,115,0
260485,2143,2.5,3,0.1,6,0
118517,1592,1.5,3,0.17,18,0
133595,1666,2.5,3,0.2,1,1
92852,912,1.5,2,0.15,20,0
129155,1242,2.0,2,0.13,3,1
232894,2500,2.5,4,0.57,0,1
138914,1576,1.5,3,0.19,18,0
210081,2008,2.5,4,0.46,19,1
108459,1292,1.5,3,0.34,25,0
169343,1796,2.5,3,0.92,14,0
79567,908,1.0,2,0.16,19,0
185323,1662,2.0,3,0.5,0,0
152466,1600,2.0,4,0.46,35,0
220765,2058,2.5,3,0.31,1,1
155855,1332,1.5,3,0.86,9,1
91792,908,1.0,2,0.16,17,0
246976,1652,1.5,3,0.05,4,1
69463,1170,1.0,2,0.09,110,0
260460,3726,2.5,4,2.31,3,1
119389,1364,1.5,2,0.07,20,1
201876,2498,2.5,4,0.43,38,1
238951,2641,3.0,4,0.39,1,1
224928,2185,2.5,3,0.74,14,1
88092,929,1.5,2,0.18,22,0
123757,1416,1.5,3,1.94,5,0
137309,1092,1.5,3,0.35,33,0
146611,1056,1.0,2,9.0,5,0
170600,1728,2.5,3,0.27,0,1
65615,924,1.0,3,3.17,39,0
236936,2300,2.5,3,0.07,16,1
51183,1144,1.0,3,0.64,15,0
294133,3981,3.0,4,0.69,0,1
247520,2445,2.5,4,0.38,18,1
188497,1742,2.5,3,0.4,5,1
116795,1404,1.5,3,0.48,28,1
129427,1512,2.0,3,0.46,16,0
119166,912,1.0,2,0.11,68,0
357138,2618,1.5,3,1.92,1,1
126498,720,1.0,3,1.0,113,0
145123,1536,2.0,3,0.98,6,0
63852,1536,1.5,4,0.46,30,1
232989,2248,2.5,4,0.58,7,1
135901,1508,1.5,3,0.34,21,0
120279,1056,1.0,2,0.34,5,0
129470,2088,1.0,3,1.84,29,1
88770,1000,1.0,3,0.52,91,0
213048,2022,2.5,3,0.48,0,1
128434,1508,1.5,3,0.31,19,1
180803,1570,2.0,3,0.92,14,1
111394,1272,1.5,3,0.34,1,0
298549,2310,3.0,2,0.25,23,1
269063,3319,2.5,3,2.0,20,0
120639,1498,1.5,2,0.18,0,1
201616,2119,2.5,4,0.76,16,1
116170,1272,1.0,3,0.26,31,0
142420,2016,1.5,3,0.86,16,0
167319,2088,2.0,3,0.9,2,1
308750,2958,2.5,4,0.92,0,1
128040,1688,1.0,3,0.03,29,1
89893,960,1.0,2,0.36,48,0
251259,1932,2.0,3,0.5,0,1
171885,1550,2.5,2,0.07,16,1
106117,1480,1.5,3,0.08,21,0
96004,912,1.5,2,0.16,18,0
263226,3355,2.5,4,0.83,1,1
93815,1184,1.5,2,0.15,19,0
188497,2110,2.5,3,1.0,9,1
277828,2988,2.5,5,0.5,9,1
159920,1794,2.0,3,0.15,37,0
97682,1548,1.5,3,0.31,85,0
118409,2128,2.0,4,1.0,7,0
236742,2412,2.5,4,0.55,10,1
130239,1586,1.5,3,0.6,49,1
162984,1872,1.5,3,0.36,18,0
261031,2280,2.5,4,0.47,24,1
176698,1772,2.5,3,0.06,14,1
330219,2576,2.5,3,0.55,31,1
114238,1164,2.0,3,0.64,7,0
93773,1324,1.5,3,0.19,5,0
152112,1512,2.5,3,0.36,18,1
89306,1480,1.5,3,0.21,19,0
111264,1142,1.5,3,0.19,18,0
109578,1176,2.0,3,0.64,5,0
130917,1456,1.0,3,0.49,23,1
154829,1440,2.0,2,0.61,66,1
303599,3329,1.5,3,0.62,14,0
265637,3030,2.5,4,0.5,1,1
287360,3133,3.0,4,0.5,1,1
150909,1374,1.5,3,0.18,44,0
26130,822,1.0,2,0.56,173,0
146981,1832,1.5,3,0.67,30,1
123827,1302,2.0,3,0.25,35,0
194880,2278,2.5,4,0.45,0,1
118952,1572,1.5,3,1.61,16,0
334556,3376,2.5,4,0.83,7,1
154432,1644,2.5,4,0.3,20,1
161923,1456,2.0,3,0.75,1,1
354739,3982,4.5,4,5.61,6,1
236819,2608,2.5,4,0.58,4,1
161923,1158,1.5,3,0.57,7,0
225885,2524,2.5,4,0.48,6,1
251400,2741,2.5,4,0.26,2,1
223266,2619,2.5,4,0.53,4,1
111702,878,1.0,2,0.14,28,0
261011,3015,2.5,4,0.46,1,1
122082,2256,1.5,4,0.17,124,0
152404,1508,2.0,3,0.33,16,1
213249,1904,2.0,2,2.0,2,1
119858,1476,1.5,3,0.22,24,1
99311,690,1.0,3,0.04,114,0
92519,1281,2.5,2,0.02,19,1
247125,2835,3.0,4,0.52,1,1
226742,1989,2.0,3,1.0,247,1
124669,1092,1.5,3,0.35,35,0
279083,1908,2.0,3,0.22,16,1
338596,1908,3.5,4,0.24,17,1
181979,1822,2.5,3,0.47,4,1
177604,2172,1.0,6,2.0,114,1
244441,2396,2.5,3,2.0,5,1
184315,2152,2.5,3,0.3,8,0
84291,1480,2.5,2,0.07,14,1
262461,2809,2.5,4,0.25,2,0
170534,1820,2.5,3,2.06,18,1
116882,1542,2.5,3,0.25,10,0
222330,2712,3.0,5,0.43,1,1
185902,2756,2.5,4,0.39,33,1
44873,882,1.5,3,0.18,71,0
109249,812,1.0,2,0.1,115,0
148231,1475,1.5,3,0.42,21,0
101375,1820,1.5,4,0.54,35,0
174208,2372,2.0,3,0.44,2,1
334556,3296,2.5,4,0.61,6,1
233876,2434,2.5,4,1.0,20,1
171171,1822,1.5,3,0.34,12,0
84291,924,1.0,3,0.91,15,0
148692,1397,1.5,2,0.76,14,1
113600,1240,2.0,3,0.16,18,0
122229,1404,2.0,3,0.68,72,0
261301,1859,1.5,3,0.14,85,0
59043,1668,1.5,4,0.06,115,0
223055,2668,2.5,4,0.3,0,1
172814,2056,1.5,4,0.42,35,1
150772,1652,2.0,3,0.48,20,1
94486,1150,1.0,3,0.34,45,0
200940,1116,2.0,3,0.24,38,0
183610,2570,2.5,5,0.6,28,1
116589,1184,2.0,3,0.16,18,0
103672,1476,2.0,3,0.66,6,0
93174,1022,1.0,3,0.44,55,0
170567,1585,1.5,3,0.95,16,1
148967,2208,2.5,3,0.05,17,1
314912,3423,2.5,4,0.38,0,1
116938,988,1.0,3,0.26,10,0
107973,1388,1.0,3,0.23,60,0
140945,1873,2.5,4,0.29,32,1
145663,1666,2.5,3,0.2,1,1
130518,1200,1.5,3,0.32,1,0
96958,1244,1.5,4,0.69,53,0
379678,3720,4.0,5,0.8,0,1
135011,1327,2.0,2,0.67,35,1
175514,2475,2.5,4,0.59,35,1
140658,2254,1.5,4,0.43,31,1
222576,3144,2.5,4,0.49,1,1
203478,2762,3.0,4,0.54,1,1
152491,1875,2.5,4,0.71,31,1
112649,1350,1.5,3,0.46,26,0
282373,2793,2.5,3,0.01,21,1
286474,2058,2.5,4,1.33,26,1
229915,2103,2.5,4,0.06,6,1
114590,1736,2.0,3,0.38,37,1
136379,1486,2.5,3,0.38,0,0
128040,1488,2.5,3,2.15,1,1
310696,2843,2.5,4,0.71,5,1
75862,995,1.0,3,0.38,47,0
99574,1628,1.5,2,0.32,30,1
124367,1272,1.5,3,0.34,1,0
167693,1876,2.5,3,0.34,1,1
149756,1470,2.5,3,0.23,11,1
155414,2310,2.5,4,0.6,38,1
144571,1512,1.5,3,0.05,13,1
326330,1326,1.0,3,2.0,52,0
206480,2310,2.5,3,1.0,18,0
130782,1274,1.5,3,0.44,14,0
135708,1460,2.0,2,0.18,17,0
237583,2762,2.5,4,0.46,17,1
104084,1302,1.5,2,0.05,17,1
126436,1216,1.0,3,0.49,51,1
112153,1834,2.0,4,0.43,65,0
136551,1880,2.0,3,0.62,7,0
143768,1612,1.5,3,0.43,37,1
155488,1747,2.5,3,0.36,1,0
77650,1620,1.5,4,0.04,99,0
106659,936,1.0,3,0.4,34,0
128440,1554,1.5,3,4.87,103,0
121279,1348,2.5,2,0.0,18,1
134266,1501,2.0,3,0.4,44,1
268260,2657,2.5,4,0.6,15,1
224818,2738,2.5,2,0.76,12,1
193565,2167,2.5,3,0.37,8,1
206931,2331,2.5,4,1.0,1,1
150909,1512,1.5,3,0.6,7,0
127740,1480,2.5,3,0.03,16,1
102806,1480,1.5,3,0.08,15,1
191790,2304,2.5,4,0.35,0,1
93846,1385,1.5,2,0.15,17,0
113796,960,1.0,3,0.36,40,0
218517,2038,2.5,3,0.98,13,1
79170,1536,2.0,3,0.15,105,0
283851,2346,2.5,4,0.54,1,0
121973,2268,1.0,3,3.0,25,0
140510,1590,2.5,3,0.42,0,1
190284,1879,2.5,3,0.27,5,1
379472,3440,4.0,5,0.77,1,1
178851,2002,2.5,4,1.03,14,1
156606,1756,1.5,3,0.85,24,1
98652,1158,1.5,3,0.86,14,0
111633,1564,1.0,3,0.32,54,1
285500,3328,2.5,4,0.35,0,1
199187,2223,2.5,4,4.34,9,0
296708,3210,2.5,3,1.0,15,1
174534,2226,2.5,4,0.43,31,1
102068,1172,2.5,3,0.85,73,1
200510,1806,2.0,4,0.8,40,0
108002,1544,2.0,3,0.4,72,0
260887,2176,2.0,3,0.0,36,1
141760,1740,1.5,3,0.53,36,0
173102,1896,1.5,3,0.42,17,1
101258,1232,1.0,3,0.72,43,1
143294,1918,2.0,3,0.3,29,1
318121,2892,3.5,4,7.76,1,1
189108,2097,2.5,3,1.93,10,1
202836,2284,1.5,3,0.28,29,1
221925,2472,2.0,4,0.62,183,0
208339,2109,2.5,2,0.26,1,0
295268,4534,2.5,6,5.08,15,1
189836,1726,2.0,3,0.06,26,1
265848,2993,2.5,4,1.34,15,1
184109,1920,2.5,3,0.16,0,1
130490,1595,2.0,3,0.22,6,1
129723,1593,1.0,3,1.8,63,1
147625,1668,2.0,2,0.19,16,0
199990,2011,2.5,4,0.67,12,0
154723,1944,2.5,3,2.13,0,0
137044,1352,1.5,2,0.18,11,0
141029,1874,2.5,3,0.54,31,1
122221,1440,1.0,3,2.12,32,1
282655,2931,3.5,4,0.46,12,1
236737,3239,3.5,4,2.5,1,1
153590,1820,1.5,4,0.34,45,1
66027,1653,2.0,3,0.48,79,0
89893,1480,2.5,2,0.29,14,1
82019,1518,1.0,3,0.04,130,0
157430,1092,1.0,3,0.28,41,1
123910,1620,2.5,3,0.86,1,1
71647,2087,2.5,3,0.56,0,1
75399,988,1.0,2,0.15,20,0
59003,3285,2.0,5,0.42,233,0
117287,1040,1.0,3,1.08,39,0
184654,2212,2.5,4,0.32,18,1
187003,1868,2.5,3,0.36,13,1
137508,1530,2.0,3,0.48,20,1
202800,2250,2.5,4,0.31,2,0
236936,2500,2.5,4,0.46,11,1
278936,3121,3.0,4,0.62,0,1
67951,1040,1.0,2,0.17,19,0
147412,1821,2.5,3,1.0,0,0
149933,1664,2.0,3,0.38,25,1
295426,3370,3.0,4,0.11,11,1
108785,1480,1.5,3,0.07,22,0
217226,2593,2.5,4,0.28,0,1
206512,1456,2.0,3,0.98,10,0
256417,2752,3.0,5,0.94,9,1
271339,3056,2.5,5,0.57,6,1
119751,1480,1.5,3,0.11,17,0
115649,1422,1.5,3,0.23,20,0
173723,1548,2.0,3,0.36,0,1
175514,2310,2.5,5,0.45,36,1
119840,1411,1.0,3,0.38,48,1
104084,1480,1.5,3,0.14,19,0
73892,864,1.5,3,0.07,114,0
202836,2068,2.5,4,0.46,17,1
210672,1764,2.5,3,1.0,8,1
95260,1480,1.5,3,0.07,15,1
74422,2708,2.0,4,1.2,21,0
204643,1743,2.5,3,0.15,0,1
160995,1344,1.5,2,4.0,15,1
112153,1270,1.5,3,0.09,18,1
81580,1336,1.5,2,0.35,20,1
112509,1138,1.0,3,0.14,98,0
255303,2242,2.5,3,0.07,0,0
187087,2027,2.5,3,0.46,15,1
146471,892,1.0,2,0.29,113,0
152822,1043,1.0,3,0.15,104,0
69876,976,2.0,2,0.34,21,0
200791,1680,2.5,3,0.46,4,1
323819,2592,3.0,3,0.16,1,0
111534,1032,1.0,3,0.75,4,0
92519,1368,1.0,3,0.38,34,0
64174,672,1.0,2,0.36,46,0
130239,1052,1.5,2,0.23,15,1
109040,1198,1.0,2,0.37,13,0
146609,1989,1.5,4,0.39,104,1
179572,1736,1.5,3,0.55,17,1
173639,1910,2.5,4,0.37,18,1
118949,1164,2.0,3,0.52,5,0
158565,1512,1.5,3,0.3,14,0
144695,1642,2.0,3,0.4,11,1
278906,2960,2.5,4,0.37,1,1
75975,1300,2.0,3,0.49,227,1
140238,1322,1.0,3,1.0,130,0
103508,1560,1.5,3,0.88,16,1
179492,2030,2.5,3,1.0,3,1
86651,1140,1.5,2,0.08,18,0
200126,1690,2.5,3,0.46,5,1
261647,1850,2.5,4,0.19,16,1
196512,1428,2.0,3,0.39,20,1
160007,2078,1.5,4,0.22,33,0
172795,1910,2.5,4,0.41,21,0
228619,2527,2.5,4,0.46,1,1
154528,1785,2.5,3,0.16,1,0
108958,1514,1.5,3,0.17,19,0
124492,1164,2.0,3,0.34,8,0
202751,2202,2.5,4,1.01,6,1
151950,1792,2.0,3,0.64,17,1
101230,1032,1.0,2,0.12,23,1
99311,1281,2.5,2,0.01,18,1
113444,1656,1.0,3,0.1,94,0
226705,2510,2.5,4,0.44,1,1
107912,1308,1.0,3,0.46,26,0
155787,1540,1.5,3,0.43,16,0
217314,2498,2.5,4,0.3,14,1
89432,1132,1.0,2,0.16,25,1
304045,2960,2.5,4,0.61,8,1
160571,1294,1.5,3,0.32,17,1
183066,1836,2.5,3,0.44,9,0
206415,2676,2.5,4,0.89,34,1
205950,2024,2.5,4,0.52,10,1
77921,1704,1.0,2,2.5,177,0
198969,1938,2.5,3,0.63,26,1
222198,2495,2.5,4,0.41,26,1
124939,1678,2.5,3,0.27,1,1
236829,2472,3.5,4,0.31,0,1
85585,912,1.5,2,0.16,20,0
104084,1170,2.0,2,2.5,10,0
107743,1228,1.5,3,0.21,21,0
143252,1568,1.5,3,0.16,18,0
181140,2648,2.5,4,0.43,0,1
120476,1120,2.0,3,0.73,7,0
253973,2464,2.5,4,1.0,2,1
209555,2539,2.5,4,0.38,1,0
119001,1506,1.5,3,0.46,24,1
102806,1248,1.0,3,0.96,46,1
116589,1322,1.0,3,0.67,63,0
104267,1056,1.0,3,0.44,47,0
146161,984,1.0,3,0.3,41,1
263408,1738,2.0,3,0.22,5,0
176618,2162,2.5,4,0.38,19,1
186605,2328,2.5,3,0.24,1,1
99491,1064,1.0,3,0.31,45,0
185487,2271,2.5,3,0.35,1,1
65550,1196,1.5,4,0.15,56,0
232934,2116,2.5,3,0.55,20,1
101418,1852,2.0,4,0.92,37,1
81762,912,1.5,2,0.15,19,0
216530,2388,2.5,4,0.83,20,1
168739,1620,2.0,3,0.3,0,0
161118,1887,2.5,4,0.56,27,1
160007,1665,2.0,4,0.29,27,1
191988,2096,3.0,3,0.28,18,1
107411,840,1.0,2,0.21,2,0
282289,3017,3.5,4,0.49,0,1
230414,2623,2.5,4,0.53,0,1
219262,2327,2.5,4,0.29,10,1
150849,1423,1.5,3,0.34,9,1
105363,864,1.0,3,1.0,128,0
